nodes=[ 
0.00000000e+00 0.00000000e+00 ; 
8.00000000e+00 0.00000000e+00 ; 
8.00000000e+00 4.00000000e+00 ; 
0.00000000e+00 4.00000000e+00 ; 
2.50000000e+00 1.00000000e+00 ; 
2.00000000e+00 1.50000000e+00 ; 
1.50000000e+00 1.00000000e+00 ; 
2.00000000e+00 5.00000000e-01 ; 
2.50000000e+00 3.00000000e+00 ; 
2.00000000e+00 3.50000000e+00 ; 
1.50000000e+00 3.00000000e+00 ; 
2.00000000e+00 2.50000000e+00 ; 
6.50000000e+00 1.00000000e+00 ; 
6.00000000e+00 1.50000000e+00 ; 
5.50000000e+00 1.00000000e+00 ; 
6.00000000e+00 5.00000000e-01 ; 
6.50000000e+00 3.00000000e+00 ; 
6.00000000e+00 3.50000000e+00 ; 
5.50000000e+00 3.00000000e+00 ; 
6.00000000e+00 2.50000000e+00 ; 
3.03880006e-01 0.00000000e+00 ; 
6.07770026e-01 0.00000000e+00 ; 
9.15359974e-01 0.00000000e+00 ; 
1.28030002e+00 0.00000000e+00 ; 
1.58420002e+00 0.00000000e+00 ; 
1.88800001e+00 0.00000000e+00 ; 
2.19190001e+00 0.00000000e+00 ; 
2.49580002e+00 0.00000000e+00 ; 
2.80010009e+00 0.00000000e+00 ; 
3.10780001e+00 0.00000000e+00 ; 
3.41549993e+00 0.00000000e+00 ; 
3.72320008e+00 0.00000000e+00 ; 
4.03079987e+00 0.00000000e+00 ; 
4.33850002e+00 0.00000000e+00 ; 
4.64620018e+00 0.00000000e+00 ; 
4.95349979e+00 0.00000000e+00 ; 
5.25740004e+00 0.00000000e+00 ; 
5.56129980e+00 0.00000000e+00 ; 
5.86520004e+00 0.00000000e+00 ; 
6.16909981e+00 0.00000000e+00 ; 
6.47300005e+00 0.00000000e+00 ; 
6.77689981e+00 0.00000000e+00 ; 
7.08459997e+00 0.00000000e+00 ; 
7.39219999e+00 0.00000000e+00 ; 
7.69610023e+00 0.00000000e+00 ; 
8.00000000e+00 3.03880006e-01 ; 
8.00000000e+00 6.07770026e-01 ; 
8.00000000e+00 9.15359974e-01 ; 
8.00000000e+00 1.23850000e+00 ; 
8.00000000e+00 1.54620004e+00 ; 
8.00000000e+00 1.85389996e+00 ; 
8.00000000e+00 2.16160011e+00 ; 
8.00000000e+00 2.46930003e+00 ; 
8.00000000e+00 2.77690005e+00 ; 
8.00000000e+00 3.08459997e+00 ; 
8.00000000e+00 3.39219999e+00 ; 
8.00000000e+00 3.69610000e+00 ; 
7.69610023e+00 4.00000000e+00 ; 
7.39219999e+00 4.00000000e+00 ; 
7.08459997e+00 4.00000000e+00 ; 
6.71969986e+00 4.00000000e+00 ; 
6.41580009e+00 4.00000000e+00 ; 
6.11199999e+00 4.00000000e+00 ; 
5.80810022e+00 4.00000000e+00 ; 
5.50419998e+00 4.00000000e+00 ; 
5.19990015e+00 4.00000000e+00 ; 
4.89219999e+00 4.00000000e+00 ; 
4.58449984e+00 4.00000000e+00 ; 
4.27680016e+00 4.00000000e+00 ; 
3.96919990e+00 4.00000000e+00 ; 
3.66149998e+00 4.00000000e+00 ; 
3.35380006e+00 4.00000000e+00 ; 
3.04649997e+00 4.00000000e+00 ; 
2.74259996e+00 4.00000000e+00 ; 
2.43869996e+00 4.00000000e+00 ; 
2.13479996e+00 4.00000000e+00 ; 
1.83089995e+00 4.00000000e+00 ; 
1.52699995e+00 4.00000000e+00 ; 
1.22309995e+00 4.00000000e+00 ; 
9.15359974e-01 4.00000000e+00 ; 
6.07770026e-01 4.00000000e+00 ; 
3.03880006e-01 4.00000000e+00 ; 
0.00000000e+00 3.69610000e+00 ; 
0.00000000e+00 3.39219999e+00 ; 
0.00000000e+00 3.08459997e+00 ; 
0.00000000e+00 2.76149988e+00 ; 
0.00000000e+00 2.45379996e+00 ; 
0.00000000e+00 2.14610004e+00 ; 
0.00000000e+00 1.83840001e+00 ; 
0.00000000e+00 1.53069997e+00 ; 
0.00000000e+00 1.22309995e+00 ; 
0.00000000e+00 9.15359974e-01 ; 
0.00000000e+00 6.07770026e-01 ; 
0.00000000e+00 3.03880006e-01 ; 
2.49440002e+00 1.07490003e+00 ; 
2.47749996e+00 1.14820004e+00 ; 
2.44300008e+00 1.23189998e+00 ; 
2.39389992e+00 1.30799997e+00 ; 
2.33179998e+00 1.37399995e+00 ; 
2.25889993e+00 1.42780006e+00 ; 
2.17750001e+00 1.46739995e+00 ; 
2.09019995e+00 1.49179995e+00 ; 
1.92509997e+00 1.49440002e+00 ; 
1.85179996e+00 1.47749996e+00 ; 
1.76810002e+00 1.44299996e+00 ; 
1.69200003e+00 1.39390004e+00 ; 
1.62600005e+00 1.33179998e+00 ; 
1.57219994e+00 1.25890005e+00 ; 
1.53260005e+00 1.17750001e+00 ; 
1.50820005e+00 1.09019995e+00 ; 
1.50820005e+00 9.09789979e-01 ; 
1.53260005e+00 8.22539985e-01 ; 
1.57219994e+00 7.41110027e-01 ; 
1.62600005e+00 6.68179989e-01 ; 
1.69200003e+00 6.06149971e-01 ; 
1.76810002e+00 5.57030022e-01 ; 
1.85179996e+00 5.22459984e-01 ; 
1.92509997e+00 5.05649984e-01 ; 
2.07489991e+00 5.05649984e-01 ; 
2.14820004e+00 5.22459984e-01 ; 
2.23189998e+00 5.57030022e-01 ; 
2.30800009e+00 6.06149971e-01 ; 
2.37400007e+00 6.68179989e-01 ; 
2.42779994e+00 7.41110027e-01 ; 
2.46740007e+00 8.22539985e-01 ; 
2.49180007e+00 9.09789979e-01 ; 
2.49440002e+00 3.07489991e+00 ; 
2.47749996e+00 3.14820004e+00 ; 
2.44300008e+00 3.23189998e+00 ; 
2.39389992e+00 3.30800009e+00 ; 
2.33179998e+00 3.37400007e+00 ; 
2.25889993e+00 3.42779994e+00 ; 
2.17750001e+00 3.46740007e+00 ; 
2.09019995e+00 3.49180007e+00 ; 
1.92509997e+00 3.49440002e+00 ; 
1.85179996e+00 3.47749996e+00 ; 
1.76810002e+00 3.44300008e+00 ; 
1.69200003e+00 3.39389992e+00 ; 
1.62600005e+00 3.33179998e+00 ; 
1.57219994e+00 3.25889993e+00 ; 
1.53260005e+00 3.17750001e+00 ; 
1.50820005e+00 3.09019995e+00 ; 
1.50559998e+00 2.92510009e+00 ; 
1.52250004e+00 2.85179996e+00 ; 
1.55700004e+00 2.76810002e+00 ; 
1.60609996e+00 2.69199991e+00 ; 
1.66820002e+00 2.62599993e+00 ; 
1.74109995e+00 2.57220006e+00 ; 
1.82249999e+00 2.53259993e+00 ; 
1.90980005e+00 2.50819993e+00 ; 
2.07489991e+00 2.50559998e+00 ; 
2.14820004e+00 2.52250004e+00 ; 
2.23189998e+00 2.55699992e+00 ; 
2.30800009e+00 2.60610008e+00 ; 
2.37400007e+00 2.66820002e+00 ; 
2.42779994e+00 2.74110007e+00 ; 
2.46740007e+00 2.82249999e+00 ; 
2.49180007e+00 2.90980005e+00 ; 
6.49440002e+00 1.07490003e+00 ; 
6.47749996e+00 1.14820004e+00 ; 
6.44299984e+00 1.23189998e+00 ; 
6.39389992e+00 1.30799997e+00 ; 
6.33179998e+00 1.37399995e+00 ; 
6.25890017e+00 1.42780006e+00 ; 
6.17749977e+00 1.46739995e+00 ; 
6.09019995e+00 1.49179995e+00 ; 
5.92509985e+00 1.49440002e+00 ; 
5.85179996e+00 1.47749996e+00 ; 
5.76809978e+00 1.44299996e+00 ; 
5.69199991e+00 1.39390004e+00 ; 
5.62599993e+00 1.33179998e+00 ; 
5.57219982e+00 1.25890005e+00 ; 
5.53259993e+00 1.17750001e+00 ; 
5.50820017e+00 1.09019995e+00 ; 
5.50820017e+00 9.09789979e-01 ; 
5.53259993e+00 8.22539985e-01 ; 
5.57219982e+00 7.41110027e-01 ; 
5.62599993e+00 6.68179989e-01 ; 
5.69199991e+00 6.06149971e-01 ; 
5.76809978e+00 5.57030022e-01 ; 
5.85179996e+00 5.22459984e-01 ; 
5.92509985e+00 5.05649984e-01 ; 
6.09019995e+00 5.08210003e-01 ; 
6.17749977e+00 5.32549977e-01 ; 
6.25890017e+00 5.72239995e-01 ; 
6.33179998e+00 6.25970006e-01 ; 
6.39389992e+00 6.91980004e-01 ; 
6.44299984e+00 7.68090010e-01 ; 
6.47749996e+00 8.51819992e-01 ; 
6.49440002e+00 9.25059974e-01 ; 
6.49440002e+00 3.07489991e+00 ; 
6.47749996e+00 3.14820004e+00 ; 
6.44299984e+00 3.23189998e+00 ; 
6.39389992e+00 3.30800009e+00 ; 
6.33179998e+00 3.37400007e+00 ; 
6.25890017e+00 3.42779994e+00 ; 
6.17749977e+00 3.46740007e+00 ; 
6.09019995e+00 3.49180007e+00 ; 
5.92509985e+00 3.49440002e+00 ; 
5.85179996e+00 3.47749996e+00 ; 
5.76809978e+00 3.44300008e+00 ; 
5.69199991e+00 3.39389992e+00 ; 
5.62599993e+00 3.33179998e+00 ; 
5.57219982e+00 3.25889993e+00 ; 
5.53259993e+00 3.17750001e+00 ; 
5.50820017e+00 3.09019995e+00 ; 
5.50820017e+00 2.90980005e+00 ; 
5.53259993e+00 2.82249999e+00 ; 
5.57219982e+00 2.74110007e+00 ; 
5.62599993e+00 2.66820002e+00 ; 
5.69199991e+00 2.60610008e+00 ; 
5.76809978e+00 2.55699992e+00 ; 
5.85179996e+00 2.52250004e+00 ; 
5.92509985e+00 2.50559998e+00 ; 
6.07490015e+00 2.50559998e+00 ; 
6.14820004e+00 2.52250004e+00 ; 
6.23190022e+00 2.55699992e+00 ; 
6.30800009e+00 2.60610008e+00 ; 
6.37400007e+00 2.66820002e+00 ; 
6.42780018e+00 2.74110007e+00 ; 
6.46740007e+00 2.82249999e+00 ; 
6.49179983e+00 2.90980005e+00 ; 
7.06290007e+00 1.62360001e+00 ; 
6.90719986e+00 1.90230000e+00 ; 
9.82760012e-01 2.52740002e+00 ; 
6.77570009e+00 1.47370005e+00 ; 
6.73710012e+00 1.36749995e+00 ; 
2.46259999e+00 3.51169991e+00 ; 
6.06090021e+00 2.03180003e+00 ; 
1.68350005e+00 1.93439996e+00 ; 
5.62430000e+00 2.39529997e-01 ; 
9.65719998e-01 6.14319980e-01 ; 
4.44820023e+00 2.85330009e+00 ; 
4.90110016e+00 2.77789998e+00 ; 
3.37089986e-01 2.75370002e+00 ; 
4.05889988e+00 1.85230005e+00 ; 
4.32579994e+00 1.99829996e+00 ; 
4.58179998e+00 2.08439994e+00 ; 
4.48570013e+00 2.35200000e+00 ; 
4.06389999e+00 1.48819995e+00 ; 
4.16239977e+00 1.70609999e+00 ; 
5.02460003e+00 2.37360001e+00 ; 
