nodes=[
  0.0000,  3.3333
  0.0000,  3.8889
  0.0000,  4.4444
  0.0000,  5.0000
  0.0000,  5.5556
  0.0000,  6.1111
  0.0000,  6.6667
  0.0000,  7.2222
  0.0000,  7.7778
  0.0000,  8.3333
  0.0000,  8.8889
  0.0000,  9.4444
  0.0000, 10.0000
 -0.2615,  3.3231
 -0.3053,  3.8795
 -0.3491,  4.4359
 -0.3929,  4.9923
 -0.4367,  5.5487
 -0.4805,  6.1051
 -0.5243,  6.6615
 -0.5681,  7.2179
 -0.6119,  7.7744
 -0.6556,  8.3308
 -0.6994,  8.8872
 -0.7432,  9.4436
 -0.7870, 10.0000
 -0.5214,  3.2923
 -0.6100,  3.8513
 -0.6985,  4.4102
 -0.7870,  4.9692
 -0.8756,  5.5282
 -0.9641,  6.0872
 -1.0526,  6.6461
 -1.1412,  7.2051
 -1.2297,  7.7641
 -1.3182,  8.3231
 -1.4068,  8.8820
 -1.4953,  9.4410
 -1.5838, 10.0000
 -0.7782,  3.2412
 -0.9134,  3.8045
 -1.0486,  4.3677
 -1.1838,  4.9309
 -1.3190,  5.4942
 -1.4542,  6.0574
 -1.5895,  6.6206
 -1.7247,  7.1838
 -1.8599,  7.7471
 -1.9951,  8.3103
 -2.1303,  8.8735
 -2.2656,  9.4368
 -2.4008, 10.0000
 -1.0301,  3.1702
 -1.2150,  3.7393
 -1.3999,  4.3085
 -1.5848,  4.8776
 -1.7698,  5.4468
 -1.9547,  6.0159
 -2.1396,  6.5851
 -2.3246,  7.1542
 -2.5095,  7.7234
 -2.6944,  8.2925
 -2.8793,  8.8617
 -3.0643,  9.4308
 -3.2492, 10.0000
 -1.2756,  3.0796
 -1.5145,  3.6563
 -1.7534,  4.2330
 -1.9922,  4.8097
 -2.2311,  5.3864
 -2.4700,  5.9631
 -2.7089,  6.5398
 -2.9478,  7.1165
 -3.1866,  7.6932
 -3.4255,  8.2699
 -3.6644,  8.8466
 -3.9033,  9.4233
 -4.1421, 10.0000
 -1.5133,  2.9700
 -1.8118,  3.5559
 -2.1103,  4.1417
 -2.4088,  4.7275
 -2.7073,  5.3133
 -3.0058,  5.8992
 -3.3043,  6.4850
 -3.6028,  7.0708
 -3.9013,  7.6567
 -4.1998,  8.2425
 -4.4983,  8.8283
 -4.7968,  9.4142
 -5.0953, 10.0000
 -1.7417,  2.8421
 -2.1072,  3.4386
 -2.4727,  4.0351
 -2.8382,  4.6316
 -3.2038,  5.2281
 -3.5693,  5.8246
 -3.9348,  6.4211
 -4.3004,  7.0176
 -4.6659,  7.6140
 -5.0314,  8.2105
 -5.3970,  8.8070
 -5.7625,  9.4035
 -6.1280, 10.0000
 -1.9593,  2.6967
 -2.4015,  3.3053
 -2.8436,  3.9139
 -3.2858,  4.5225
 -3.7280,  5.1311
 -4.1702,  5.7398
 -4.6124,  6.3484
 -5.0545,  6.9570
 -5.4967,  7.5656
 -5.9389,  8.1742
 -6.3811,  8.7828
 -6.8232,  9.3914
 -7.2654, 10.0000
 -2.1648,  2.5347
 -2.6962,  3.1568
 -3.2275,  3.7789
 -3.7588,  4.4010
 -4.2902,  5.0231
 -4.8215,  5.6452
 -5.3528,  6.2673
 -5.8841,  6.8895
 -6.4155,  7.5116
 -6.9468,  8.1337
 -7.4781,  8.7558
 -8.0095,  9.3779
 -8.5408, 10.0000
 -2.3570,  2.3570
 -2.9939,  2.9939
 -3.6309,  3.6309
 -4.2678,  4.2678
 -4.9047,  4.9047
 -5.5416,  5.5416
 -6.1785,  6.1785
 -6.8154,  6.8154
 -7.4523,  7.4523
 -8.0893,  8.0893
 -8.7262,  8.7262
 -9.3631,  9.3631
-10.0000, 10.0000
 -2.5347,  2.1648
 -3.1568,  2.6962
 -3.7789,  3.2275
 -4.4010,  3.7588
 -5.0231,  4.2902
 -5.6452,  4.8215
 -6.2673,  5.3528
 -6.8895,  5.8841
 -7.5116,  6.4155
 -8.1337,  6.9468
 -8.7558,  7.4781
 -9.3779,  8.0095
-10.0000,  8.5408
 -2.6967,  1.9593
 -3.3053,  2.4015
 -3.9139,  2.8436
 -4.5225,  3.2858
 -5.1311,  3.7280
 -5.7398,  4.1702
 -6.3484,  4.6124
 -6.9570,  5.0545
 -7.5656,  5.4967
 -8.1742,  5.9389
 -8.7828,  6.3811
 -9.3914,  6.8232
-10.0000,  7.2654
 -2.8421,  1.7417
 -3.4386,  2.1072
 -4.0351,  2.4727
 -4.6316,  2.8382
 -5.2281,  3.2038
 -5.8246,  3.5693
 -6.4211,  3.9348
 -7.0176,  4.3004
 -7.6140,  4.6659
 -8.2105,  5.0314
 -8.8070,  5.3970
 -9.4035,  5.7625
-10.0000,  6.1280
 -2.9700,  1.5133
 -3.5559,  1.8118
 -4.1417,  2.1103
 -4.7275,  2.4088
 -5.3133,  2.7073
 -5.8992,  3.0058
 -6.4850,  3.3043
 -7.0708,  3.6028
 -7.6567,  3.9013
 -8.2425,  4.1998
 -8.8283,  4.4983
 -9.4142,  4.7968
-10.0000,  5.0953
 -3.0796,  1.2756
 -3.6563,  1.5145
 -4.2330,  1.7534
 -4.8097,  1.9922
 -5.3864,  2.2311
 -5.9631,  2.4700
 -6.5398,  2.7089
 -7.1165,  2.9478
 -7.6932,  3.1866
 -8.2699,  3.4255
 -8.8466,  3.6644
 -9.4233,  3.9033
-10.0000,  4.1421
 -3.1702,  1.0301
 -3.7393,  1.2150
 -4.3085,  1.3999
 -4.8776,  1.5848
 -5.4468,  1.7698
 -6.0159,  1.9547
 -6.5851,  2.1396
 -7.1542,  2.3246
 -7.7234,  2.5095
 -8.2925,  2.6944
 -8.8617,  2.8793
 -9.4308,  3.0643
-10.0000,  3.2492
 -3.2412,  0.7782
 -3.8045,  0.9134
 -4.3677,  1.0486
 -4.9309,  1.1838
 -5.4942,  1.3190
 -6.0574,  1.4542
 -6.6206,  1.5895
 -7.1838,  1.7247
 -7.7471,  1.8599
 -8.3103,  1.9951
 -8.8735,  2.1303
 -9.4368,  2.2656
-10.0000,  2.4008
 -3.2923,  0.5214
 -3.8513,  0.6100
 -4.4102,  0.6985
 -4.9692,  0.7870
 -5.5282,  0.8756
 -6.0872,  0.9641
 -6.6461,  1.0526
 -7.2051,  1.1412
 -7.7641,  1.2297
 -8.3231,  1.3182
 -8.8820,  1.4068
 -9.4410,  1.4953
-10.0000,  1.5838
 -3.3231,  0.2615
 -3.8795,  0.3053
 -4.4359,  0.3491
 -4.9923,  0.3929
 -5.5487,  0.4367
 -6.1051,  0.4805
 -6.6615,  0.5243
 -7.2179,  0.5681
 -7.7744,  0.6119
 -8.3308,  0.6556
 -8.8872,  0.6994
 -9.4436,  0.7432
-10.0000,  0.7870
 -3.3333,  0.0000
 -3.8889,  0.0000
 -4.4444,  0.0000
 -5.0000,  0.0000
 -5.5556,  0.0000
 -6.1111,  0.0000
 -6.6667,  0.0000
 -7.2222,  0.0000
 -7.7778,  0.0000
 -8.3333,  0.0000
 -8.8889,  0.0000
 -9.4444,  0.0000
-10.0000,  0.0000
 -3.3231, -0.2615
 -3.8795, -0.3053
 -4.4359, -0.3491
 -4.9923, -0.3929
 -5.5487, -0.4367
 -6.1051, -0.4805
 -6.6615, -0.5243
 -7.2179, -0.5681
 -7.7744, -0.6119
 -8.3308, -0.6556
 -8.8872, -0.6994
 -9.4436, -0.7432
-10.0000, -0.7870
 -3.2923, -0.5214
 -3.8513, -0.6100
 -4.4102, -0.6985
 -4.9692, -0.7870
 -5.5282, -0.8756
 -6.0872, -0.9641
 -6.6461, -1.0526
 -7.2051, -1.1412
 -7.7641, -1.2297
 -8.3231, -1.3182
 -8.8820, -1.4068
 -9.4410, -1.4953
-10.0000, -1.5838
 -3.2412, -0.7782
 -3.8045, -0.9134
 -4.3677, -1.0486
 -4.9309, -1.1838
 -5.4942, -1.3190
 -6.0574, -1.4542
 -6.6206, -1.5895
 -7.1838, -1.7247
 -7.7471, -1.8599
 -8.3103, -1.9951
 -8.8735, -2.1303
 -9.4368, -2.2656
-10.0000, -2.4008
 -3.1702, -1.0301
 -3.7393, -1.2150
 -4.3085, -1.3999
 -4.8776, -1.5848
 -5.4468, -1.7698
 -6.0159, -1.9547
 -6.5851, -2.1396
 -7.1542, -2.3246
 -7.7234, -2.5095
 -8.2925, -2.6944
 -8.8617, -2.8793
 -9.4308, -3.0643
-10.0000, -3.2492
 -3.0796, -1.2756
 -3.6563, -1.5145
 -4.2330, -1.7534
 -4.8097, -1.9922
 -5.3864, -2.2311
 -5.9631, -2.4700
 -6.5398, -2.7089
 -7.1165, -2.9478
 -7.6932, -3.1866
 -8.2699, -3.4255
 -8.8466, -3.6644
 -9.4233, -3.9033
-10.0000, -4.1421
 -2.9700, -1.5133
 -3.5559, -1.8118
 -4.1417, -2.1103
 -4.7275, -2.4088
 -5.3133, -2.7073
 -5.8992, -3.0058
 -6.4850, -3.3043
 -7.0708, -3.6028
 -7.6567, -3.9013
 -8.2425, -4.1998
 -8.8283, -4.4983
 -9.4142, -4.7968
-10.0000, -5.0953
 -2.8421, -1.7417
 -3.4386, -2.1072
 -4.0351, -2.4727
 -4.6316, -2.8382
 -5.2281, -3.2038
 -5.8246, -3.5693
 -6.4211, -3.9348
 -7.0176, -4.3004
 -7.6140, -4.6659
 -8.2105, -5.0314
 -8.8070, -5.3970
 -9.4035, -5.7625
-10.0000, -6.1280
 -2.6967, -1.9593
 -3.3053, -2.4015
 -3.9139, -2.8436
 -4.5225, -3.2858
 -5.1311, -3.7280
 -5.7398, -4.1702
 -6.3484, -4.6124
 -6.9570, -5.0545
 -7.5656, -5.4967
 -8.1742, -5.9389
 -8.7828, -6.3811
 -9.3914, -6.8232
-10.0000, -7.2654
 -2.5347, -2.1648
 -3.1568, -2.6962
 -3.7789, -3.2275
 -4.4010, -3.7588
 -5.0231, -4.2902
 -5.6452, -4.8215
 -6.2673, -5.3528
 -6.8895, -5.8841
 -7.5116, -6.4155
 -8.1337, -6.9468
 -8.7558, -7.4781
 -9.3779, -8.0095
-10.0000, -8.5408
 -2.3570, -2.3570
 -2.9939, -2.9939
 -3.6309, -3.6309
 -4.2678, -4.2678
 -4.9047, -4.9047
 -5.5416, -5.5416
 -6.1785, -6.1785
 -6.8154, -6.8154
 -7.4523, -7.4523
 -8.0893, -8.0893
 -8.7262, -8.7262
 -9.3631, -9.3631
-10.0000,-10.0000
 -2.1648, -2.5347
 -2.6962, -3.1568
 -3.2275, -3.7789
 -3.7588, -4.4010
 -4.2902, -5.0231
 -4.8215, -5.6452
 -5.3528, -6.2673
 -5.8841, -6.8895
 -6.4155, -7.5116
 -6.9468, -8.1337
 -7.4781, -8.7558
 -8.0095, -9.3779
 -8.5408,-10.0000
 -1.9593, -2.6967
 -2.4015, -3.3053
 -2.8436, -3.9139
 -3.2858, -4.5225
